date,"Unemployment, total (% of total labor force) (modeled ILO estimate)","Prevalence of underweight, weight for age (% of children under 5)","Literacy rate, adult total (% of people ages 15 and above)",Population ages 15-64 (% of total population),Population ages 0-14 (% of total population),Population ages 65 and above (% of total population),"Immunization, measles (% of children ages 12-23 months)","Immunization, DPT (% of children ages 12-23 months)"
2019,11.3679246002872,,,,,,,
2018,11.7498484790056,,75.72189,63.5810806657711,31.0164046037891,5.40251473043988,88.0277432774212,89.2770056644334
2017,11.8521494776298,,75.61515,63.6921656879762,31.024541806527,5.28329250549684,89.484621992325,89.504024124937
2016,11.7548606424382,,74.60233,63.8276239467258,30.9944195825835,5.17795647069069,90.138223576404,88.2929794557428
2015,11.6673074036418,,76.40267,63.9998103670698,30.9104164329917,5.08977319993849,87.3806189101049,86.9251628727421
2014,11.4686054036572,,75.74665,64.0868736217671,30.9112188400384,5.00190753819444,87.1963094807651,88.028702027809
2013,11.2939888833862,,75.18455,64.1569664319887,30.9107920556017,4.93224151240961,88.6022370198709,88.5624354881743
2012,11.6940269404884,,74.92136,64.1898675159004,30.9341501636994,4.87598232040012,87.3586134498024,86.7465126942057
2011,11.3787732415191,,74.2919,64.158365356034,31.0151779464711,4.82645669749482,90.5374037779858,90.3997922217102
2010,10.6337323896034,,74.06062,64.0472746569265,31.1732127388286,4.77951260424493,90.1259492344458,91.0163457257368
2009,10.3588227720889,,73.23411,63.8792156420857,31.3802535448225,4.74053081309185,89.8539128452001,91.4420817405409
2008,10.1391979981507,,73.5045,63.6281095983116,31.6613248090328,4.71056559265556,87.9562047390679,90.1824385646661
2007,10.4082969118163,,72.91025,63.2935421183026,32.0208641757656,4.68559370593171,88.0234581806704,88.9383843447531
2006,10.8651946992628,,72.49503,62.8793621040869,32.4615878162136,4.65905007969956,87.7105704707664,89.0731527069445
2005,11.8347760090015,,73.51612,62.3943341808557,32.9803369585614,4.62532886058292,87.7190486169321,88.7011361758143
2004,11.474789121208,,73.10896,61.7840938749438,33.6166867771879,4.59921934786825,87.6692924214757,89.3156379901043
2003,12.8190469605182,,72.20115,61.0967960122375,34.3385186577613,4.56468533000112,87.6009823968793,88.3131307484436
2002,13.1557461007276,,68.51265,60.3556700552007,35.1224254635882,4.52190448121109,87.9531014160736,88.9867659827277
2001,13.0556491047051,,68.21526,59.5978881998434,35.928691783091,4.4734200170656,89.3224802235824,90.495869109033
2000,13.1155624826705,,67.05738,58.8504459555412,36.7295275064401,4.4200265380187,90.1567478364065,90.6683834925632
1999,12.5138386675909,,66.01418,58.0618550385638,37.5770767554332,4.36106820600295,90.208269303772,89.6472019356496
1998,12.2087374598316,,64.91188,57.3051390842897,38.397292531164,4.29756838454631,90.3898462498702,88.2662083810969
1997,11.9907412490802,,63.73197,56.5875950879436,39.182382188552,4.23002272350438,86.1735147356576,85.4619983708636
1996,12.3613039526653,,62.76903,55.8986176801758,39.9424455193744,4.15893680044977,86.6357800761099,86.3773820693467
1995,13.3061068370448,,61.35857,55.2265992333095,40.6894900169978,4.0839107496927,84.3203721638652,85.0982603012091
1994,12.9235931921867,,59.72954,54.6180071849147,41.3689611380756,4.01303167700973,83.2647655217045,81.8558285359579
1993,12.8756024883926,,58.71173,54.0635044119332,41.9906890594732,3.94580652859355,83.7818205753997,84.30800794323
1992,12.1381514722121,,57.78865,53.5748165515168,42.5434767015453,3.88170674693787,83.6034850812509,83.685860747002
1991,11.8747911679729,,56.7123,53.1694293150064,43.0103920707411,3.82017861425247,81.5156935028473,80.5622046713978
1990,,,55.39274,52.8595269031268,43.3797479640577,3.76072513281554,82.6583907129193,87.5146337157254
1989,,,52.76637,52.6120982182021,43.6671516452087,3.72075013658922,79.8371831049675,84.1788772621164
1988,,,51.71699,52.4537140563487,43.8618777276916,3.6844082159596,77.7706342790479,81.3369599057305
1987,,,50.58883,52.3723301509105,43.9762330893472,3.65143675974229,64.8247955054539,69.0154860948725
1986,,,49.74699,52.355059341596,44.0218611669067,3.62307949149731,62.43637938066,67.3807626664134
1985,,,48.56618,52.3968386939148,44.0027150634012,3.60044624268402,59.2804586954896,61.0286657411196
1984,,,47.49008,52.3458548532189,44.0583601184502,3.59578502833098,38.1598317420754,47.2361197841239
1983,,,46.46378,52.3176107652168,44.0821575950247,3.6002316397585,33.3547045816488,38.4064804883244
1982,,,45.63783,52.3093442037384,44.0812087117429,3.60944708451874,35.7529124825755,38.3712857679845
1981,,,44.85625,52.3248161913924,44.0570365161433,3.61814729246437,35.2784465081222,34.5536883624002
1980,,,44.04832,52.3696907845225,44.0073411500468,3.62296806543073,31.3855140290516,34.7995697083851
1979,,,43.20662,52.2832922708023,44.0674834580458,3.64922427115192,,
1978,,,42.44656,52.1985917713886,44.1283565200069,3.67305170860446,,
1977,,,41.70761,52.1261766055238,44.1816822628607,3.69214113161546,,
1976,,,41.04876,52.0692153135181,44.2277194264941,3.70306525998778,,
1975,,,40.52068,52.027002986324,44.2704435991679,3.7025534145081,,
1974,,,39.97983,51.9059500254646,44.377739151472,3.71631082306332,,
1973,,,39.48749,51.8036558619476,44.4775782279859,3.71876591006653,,
1972,,,39.00685,51.7314057750375,44.557730893597,3.7108633313655,,
1971,,,,51.7028440321294,44.600984370289,3.69617159758161,,
1970,,,,51.7328502949749,44.5898342350892,3.67731546993593,,
1969,,,,51.6079899433701,44.70916370145,3.68284635517998,,
1968,,,,51.5088219195491,44.8050843868858,3.68609369356509,,
1967,,,,51.4613013688342,44.8528026641236,3.68589596704224,,
1966,,,,51.5202795218857,44.7988271425435,3.68089333557076,,
1965,,,,51.7309494862768,44.599339532431,3.66971098129213,,
1964,,,,51.8369724594591,44.4819814406168,3.68104609992408,,
1963,,,,52.0700982023306,44.2414143794542,3.68848741821514,,
1962,,,,52.4135351537102,43.8953337633969,3.69113108289289,,
1961,,,,52.82038889003,43.4925348683735,3.6870762415965,,
1960,,,,53.2595642568715,43.0659777076216,3.67445803550683,,
