date,"Unemployment, total (% of total labor force) (modeled ILO estimate)","Prevalence of underweight, weight for age (% of children under 5)","Literacy rate, adult total (% of people ages 15 and above)",Population ages 15-64 (% of total population),Population ages 0-14 (% of total population),Population ages 65 and above (% of total population),"Immunization, measles (% of children ages 12-23 months)","Immunization, DPT (% of children ages 12-23 months)"
2019,6.09233494526546,1.9,,,,,,
2018,5.9711220035054,2.1,95.18383,69.2134044609211,20.7486467400202,10.0379487990588,94.1335647415158,93.6668380628114
2017,6.12934942717652,2.2,95.02833,69.540509924683,20.8375306993118,9.6219593760052,93.7755549432041,93.9943535811625
2016,6.10347438007139,2.4,95.01176,69.8485199170925,20.9209473558463,9.23053272706122,95.8125385978,94.4183281836553
2015,5.85408302968848,2.5,94.83118,70.1138363617621,20.9997811211421,8.8863825170957,95.7728611152166,94.996615679902
2014,5.65332379342828,2.7,94.6637,70.2977109821969,21.0918066519754,8.61048236582765,95.5456656688757,94.6799830965932
2013,5.66145865826392,2.9,94.41675,70.416603357239,21.1959862519544,8.38741039080668,95.4310846583327,94.989054752324
2012,5.67840936153988,3.1,94.37705,70.4743704940969,21.3186349324447,8.2069945734584,96.351341335385,95.6175239688302
2011,5.72874509163524,3.3,94.23171,70.4876493429753,21.4614955824546,8.05085507457006,96.3940442931431,95.8012737769235
2010,5.90140127641658,3.5,93.9115,70.4661683497067,21.6283413362938,7.90549031399941,95.8214877023232,95.8278461019606
2009,6.1530868807871,,93.83985,70.3590210549583,21.8434332205187,7.79754572452298,96.1733045982523,96.1900363376974
2008,5.64922824739597,,93.58744,70.2149184104499,22.0715782883026,7.71350330124748,95.2346028216898,94.6373126620322
2007,5.670888898631,,93.34849,70.012061894745,22.3455641760354,7.64237392921963,93.0783203547599,92.8011533754975
2006,5.91285745366342,,92.39195,69.7076970420695,22.7283796225802,7.56392333535031,92.8166160370896,92.7737345268075
2005,6.20504889411607,4.8,92.20535,69.2946710032775,23.2419601411547,7.46336885556779,88.6529526330177,89.9399879398047
2004,6.31560120946417,,91.86766,68.7672641891421,23.8647449305748,7.36799088028308,88.343466113979,89.5650133405336
2003,6.59134437827081,,91.41396,68.1072633890076,24.6498532781705,7.24288333282191,87.9246747128557,88.0730070961661
2002,6.47196907953701,,90.8555,67.395055997016,25.5074817749443,7.0974622280397,88.1009501222225,88.2865303205604
2001,6.1211119019004,,90.64937,66.7838611158235,26.2610288301711,6.95511005400545,88.7569329898921,88.2123616672013
2000,5.9160931715469,6.7,90.4433,66.3619465744072,26.811073678488,6.82697974710472,88.1825225873557,88.0910795284127
1999,6.09799815766597,,89.99101,65.845690575116,27.4423732736172,6.71193615126674,87.8811741627668,87.235412076101
1998,5.88881610207923,,89.65334,65.5062568850418,27.8809976392719,6.6127454756863,87.1158342516471,85.9576376423224
1997,5.62966619408658,,89.25733,65.2770454224718,28.2032234949289,6.51973108259931,86.5149313347844,85.0690035994147
1996,5.49708367555915,,84.66629,64.9805104368511,28.6085628005731,6.41092676257574,84.9880587207664,83.6776640120653
1995,5.39954056038832,9.1,84.1984,64.489372575196,29.2404388602578,6.27018856454616,83.1263084530983,82.2765995986783
1994,4.99162237922584,,83.68836,64.2486772881918,29.5895336926708,6.16178901913734,79.4412559196584,84.3519111581269
1993,4.54315179911887,,83.22736,63.9436680060954,30.017734292909,6.03859770099558,82.0292579588895,84.9999714148147
1992,4.22877242518067,,82.74024,63.6191261238504,30.4717745243854,5.90909935176426,85.2974108669084,86.3040247030992
1991,4.2127896007277,,82.24321,63.3855352654074,30.8218624043918,5.79260233020082,87.9979461398078,89.2687942106914
1990,,12.3,81.21285,63.3245889986788,30.9740159288583,5.70139507246294,90.2209255627488,88.878205014973
1989,,,81.05982,63.0708448594589,31.3080366261599,5.62111851438118,86.2306499780468,85.9589891834365
1988,,,80.45012,62.8385231529047,31.6008223681967,5.56065447889853,84.9712987026123,85.6454792590187
1987,,,76.88361,62.5946893150732,31.8928172798664,5.51249340506045,71.3328440137159,71.4031117211602
1986,,,76.09759,62.3080188672841,32.2267994313435,5.46518170137244,61.9401041498975,70.3464871434258
1985,,,75.28137,61.9745363317739,32.6145933832533,5.41087028497284,74.7327777130549,69.7076742332227
1984,,,74.39875,61.4579417785585,33.1756911998853,5.36636702155616,67.6377654673691,65.6062282393843
1983,,,73.37354,60.8917780492515,33.7868058003848,5.32141615036367,65.2045676159163,54.6286023409552
1982,,,72.24263,60.2991455735335,34.4283704881558,5.27248393831069,,
1981,,,71.51981,59.6918392807607,35.0973828153663,5.21077790387309,,
1980,,,70.62486,59.0687933389505,35.8031667283808,5.12803993266873,,
1979,,,69.66724,58.5063503423063,36.4399442519266,5.05370540576709,,
1978,,,68.75827,57.9890883285379,37.0470808193414,4.96383085212065,,
1977,,,67.82338,57.5359376130484,37.6020749410758,4.86198744587582,,
1976,,,67.6372,57.1578493877227,38.085380462625,4.75677014965221,,
1975,,,,56.8542733425374,38.491979410849,4.65374724661363,,
1974,,,,56.6188359751383,38.8014065620776,4.57975746278414,,
1973,,,,56.4770018674655,39.0111031436206,4.51189498891389,,
1972,,,,56.400568567683,39.1526322615471,4.44679917076988,,
1971,,,,56.3520163508841,39.2688506777392,4.37913297137661,,
1970,,,,56.329787973279,39.363720070396,4.30649195632504,,
1969,,,,56.1731949755949,39.570291711084,4.25651331332113,,
1968,,,,55.960860514099,39.8396158758432,4.19952361005776,,
1967,,,,55.7479844241862,40.1163505299358,4.13566504587791,,
1966,,,,55.667231553399,40.2621944257351,4.07057402086587,,
1965,,,,55.8159941584251,40.1746580531546,4.00934778842036,,
1964,,,,55.7828879421402,40.1761976745037,4.0409143833561,,
1963,,,,55.9482933247127,39.9797069563362,4.07199971895116,,
1962,,,,56.2664792510718,39.6361087714967,4.09741197743141,,
1961,,,,56.5802985984922,39.321120829979,4.09858057152876,,
1960,,,,56.763092782953,39.1739877231428,4.06291949390416,,
